#!/usr/bin/env bash

# validation results for org.openeo.geotrellis.ComputeStatsGeotrellisAdapterTest.validateAccumuloDataCubeAgainstTimeSeriesServiceMeans

set -eo pipefail

curl --request POST \
  --url 'http://epod-tsservice.vgt.vito.be:8080/v1.0/ts/S2_FAPAR/geometries?startDate=2017-11-01&endDate=2017-11-16' \
  --header 'Content-Type: application/json' \
  --data '{
  "type": "GeometryCollection",
  "geometries": [
    {
      "type": "Polygon",
      "coordinates": [
        [
          [
            4.6770629938691854,
            50.82172692290532
          ],
          [
            4.6550903376191854,
            50.80697613242405
          ],
          [
            4.6866760309785604,
            50.797429020705295
          ],
          [
            4.7196350153535604,
            50.795692972629176
          ],
          [
            4.7402343805879354,
            50.81738893871384
          ],
          [
            4.6770629938691854,
            50.82172692290532
          ]
        ]
      ]
    },
    {
      "type": "Polygon",
      "coordinates": [
        [
          [
            3.950237888725339,
            51.01001898590911
          ],
          [
            3.950237888725339,
            51.03442207171108
          ],
          [
            4.032635349662839,
            51.03442207171108
          ],
          [
            4.032635349662839,
            51.01001898590911
          ],
          [
            3.950237888725339,
            51.01001898590911
          ]
        ]
      ]
    },
    {
      "type": "Polygon",
      "coordinates": [
        [
          [
            5.608215013735893,
            51.032165152086264
          ],
          [
            5.608271547800293,
            51.03221788952301
          ],
          [
            5.608276702058292,
            51.03222293623101
          ],
          [
            5.60849596808989,
            51.032448502828444
          ],
          [
            5.608716500868006,
            51.032663757587436
          ],
          [
            5.608825832560376,
            51.032770514885485
          ],
          [
            5.608945000622374,
            51.032880067275485
          ],
          [
            5.609034654329857,
            51.032962466956384
          ],
          [
            5.6108271092295565,
            51.03200900180982
          ],
          [
            5.6108243802523665,
            51.032005046553195
          ],
          [
            5.610765550277478,
            51.031906904685506
          ],
          [
            5.610730775512867,
            51.03185731710986
          ],
          [
            5.610728864439129,
            51.03185450621938
          ],
          [
            5.61068097777416,
            51.031781806466725
          ],
          [
            5.610648884176528,
            51.0317343801373
          ],
          [
            5.610647867072976,
            51.03173285113396
          ],
          [
            5.61056103219013,
            51.031600028841
          ],
          [
            5.610464592173136,
            51.031620528338046
          ],
          [
            5.610108166306372,
            51.03169612090491
          ],
          [
            5.610099694700648,
            51.03169779497791
          ],
          [
            5.6098587750999505,
            51.031741960985435
          ],
          [
            5.609583519929178,
            51.03179242194306
          ],
          [
            5.6095812925908355,
            51.0317928220292
          ],
          [
            5.609462795599489,
            51.031813670192285
          ],
          [
            5.609462557298256,
            51.03181371202481
          ],
          [
            5.6094265107381105,
            51.0318200256364
          ],
          [
            5.609420285041724,
            51.03182105270213
          ],
          [
            5.609335088450095,
            51.03183424727698
          ],
          [
            5.609264660589062,
            51.03184521822665
          ],
          [
            5.609258526965428,
            51.03184611349288
          ],
          [
            5.609158373400448,
            51.03185975557609
          ],
          [
            5.6091581558557895,
            51.03185978513339
          ],
          [
            5.609101330081307,
            51.0318674864013
          ],
          [
            5.6090929559728915,
            51.031868511547074
          ],
          [
            5.608913831137317,
            51.031888110200775
          ],
          [
            5.608906493782254,
            51.031888830479645
          ],
          [
            5.608726551315478,
            51.03190448174909
          ],
          [
            5.60871912778759,
            51.031905044225965
          ],
          [
            5.608609468745772,
            51.0319121289672
          ],
          [
            5.608538666998535,
            51.031916736443236
          ],
          [
            5.60851084566201,
            51.03191739795041
          ],
          [
            5.608487750205862,
            51.0319169979628
          ],
          [
            5.608215013735893,
            51.032165152086264
          ]
        ]
      ]
    }
  ]
}'
